MET_NP = 137
MET_P[0] = 1044.45
MET_P[1] = 1037.25
MET_P[2] = 1030.06
MET_P[3] = 1022.86
MET_P[4] = 1015.67
MET_P[5] = 1008.47
MET_P[6] = 1001.28
MET_P[7] = 994.081
MET_P[8] = 986.8860000000001
MET_P[9] = 979.69
MET_P[10] = 972.495
MET_P[11] = 965.299
MET_P[12] = 958.1039999999999
MET_P[13] = 950.908
MET_P[14] = 943.14
MET_P[15] = 934.7669999999999
MET_P[16] = 925.757
MET_P[17] = 916.081
MET_P[18] = 905.712
MET_P[19] = 894.622
MET_P[20] = 882.791
MET_P[21] = 870.2
MET_P[22] = 856.8380000000001
MET_P[23] = 842.696
MET_P[24] = 827.7760000000001
MET_P[25] = 812.085
MET_P[26] = 795.64
MET_P[27] = 778.466
MET_P[28] = 760.6
MET_P[29] = 742.086
MET_P[30] = 722.9789999999999
MET_P[31] = 703.347
MET_P[32] = 683.262
MET_P[33] = 662.808
MET_P[34] = 642.076
MET_P[35] = 621.1619999999999
MET_P[36] = 600.1669999999999
MET_P[37] = 579.193
MET_P[38] = 558.3430000000001
MET_P[39] = 537.72
MET_P[40] = 517.42
MET_P[41] = 497.584
MET_P[42] = 478.31
MET_P[43] = 459.63199999999995
MET_P[44] = 441.539
MET_P[45] = 424.019
MET_P[46] = 407.05800000000005
MET_P[47] = 390.645
MET_P[48] = 374.767
MET_P[49] = 359.411
MET_P[50] = 344.566
MET_P[51] = 330.22
MET_P[52] = 316.361
MET_P[53] = 302.976
MET_P[54] = 290.055
MET_P[55] = 277.585
MET_P[56] = 265.556
MET_P[57] = 253.955
MET_P[58] = 242.77200000000002
MET_P[59] = 231.995
MET_P[60] = 221.615
MET_P[61] = 211.61900000000003
MET_P[62] = 201.997
MET_P[63] = 192.739
MET_P[64] = 183.834
MET_P[65] = 175.273
MET_P[66] = 167.045
MET_P[67] = 159.14
MET_P[68] = 151.549
MET_P[69] = 144.262
MET_P[70] = 137.27
MET_P[71] = 130.564
MET_P[72] = 124.134
MET_P[73] = 117.971
MET_P[74] = 112.068
MET_P[75] = 106.415
MET_P[76] = 101.005
MET_P[77] = 95.82799999999999
MET_P[78] = 90.8774
MET_P[79] = 86.145
MET_P[80] = 81.6182
MET_P[81] = 77.281
MET_P[82] = 73.1187
MET_P[83] = 69.1187
MET_P[84] = 65.2695
MET_P[85] = 61.5607
MET_P[86] = 57.9834
MET_P[87] = 54.5299
MET_P[88] = 51.199
MET_P[89] = 47.991499999999995
MET_P[90] = 44.908199999999994
MET_P[91] = 41.9493
MET_P[92] = 39.1149
MET_P[93] = 36.4047
MET_P[94] = 33.8174
MET_P[95] = 31.3512
MET_P[96] = 29.003899999999998
MET_P[97] = 26.7735
MET_P[98] = 24.6577
MET_P[99] = 22.6543
MET_P[100] = 20.761
MET_P[101] = 18.9752
MET_P[102] = 17.2945
MET_P[103] = 15.716199999999999
MET_P[104] = 14.2377
MET_P[105] = 12.8561
MET_P[106] = 11.568499999999998
MET_P[107] = 10.372
MET_P[108] = 9.2634
MET_P[109] = 8.239700000000001
MET_P[110] = 7.2974
MET_P[111] = 6.433400000000001
MET_P[112] = 5.6441
MET_P[113] = 4.9262
MET_P[114] = 4.2759
MET_P[115] = 3.6898
MET_P[116] = 3.1642
MET_P[117] = 2.6954000000000002
MET_P[118] = 2.2797
MET_P[119] = 1.9134
MET_P[120] = 1.5928
MET_P[121] = 1.3143
MET_P[122] = 1.0742
MET_P[123] = 0.8690000000000001
MET_P[124] = 0.6951999999999999
MET_P[125] = 0.5496
MET_P[126] = 0.4288
MET_P[127] = 0.3299
MET_P[128] = 0.24989999999999998
MET_P[129] = 0.1861
MET_P[130] = 0.1361
MET_P[131] = 0.0975
MET_P[132] = 0.0683
MET_P[133] = 0.0467
MET_P[134] = 0.031
MET_P[135] = 0.02
MET_P[136] = 0.01
